1_4526088	1	4526088	5595513	0
1_5595513	1	5595513	6057774	0
1_6057774	1	6057774	6655964	0
1_6655964	1	6655964	21638464	0
1_21638464	1	21638464	22665060	9.52380952380952
1_22665060	1	22665060	34590736	9.09090909090909
1_34590736	1	34590736	35033641	13.6363636363636
1_35033641	1	35033641	38996026	0
1_38996026	1	38996026	39663584	9.09090909090909
1_39663584	1	39663584	63304434	0
1_63304434	1	63304434	64412468	0
1_64412468	1	64412468	68510383	0
1_68510383	1	68510383	79306816	0
1_79306816	1	79306816	80979991	4.54545454545455
1_80979991	1	80979991	87791454	0
1_87791454	1	87791454	120607096	0
1_120607096	1	120607096	126729134	4.54545454545455
1_126729134	1	126729134	128772307	0
1_128772307	1	128772307	130850953	4.54545454545455
1_130850953	1	130850953	138151254	0
1_138151254	1	138151254	155914812	4.54545454545455
1_155914812	1	155914812	159501907	9.09090909090909
1_159501907	1	159501907	159869322	0
1_159869322	1	159869322	166286282	0
1_166286282	1	166286282	176929215	0
1_176929215	1	176929215	184803265	0
1_184803265	1	184803265	188687652	0
1_188687652	1	188687652	3128832	9.09090909090909
2_3128832	2	3128832	3962745	0
2_3962745	2	3962745	4248664	0
2_4248664	2	4248664	5348753	0
2_5348753	2	5348753	5691961	4.54545454545455
2_5691961	2	5691961	5846367	0
2_5846367	2	5846367	32369756	0
2_32369756	2	32369756	32614942	31.8181818181818
2_32614942	2	32614942	36101676	0
2_36101676	2	36101676	46607825	0
2_46607825	2	46607825	52813602	4.54545454545455
2_52813602	2	52813602	74881866	4.54545454545455
2_74881866	2	74881866	75183883	0
2_75183883	2	75183883	127456469	0
2_127456469	2	127456469	128792183	18.1818181818182
2_128792183	2	128792183	132597468	0
2_132597468	2	132597468	160515865	4.54545454545455
2_160515865	2	160515865	161380222	4.54545454545455
2_161380222	2	161380222	161503693	4.54545454545455
2_161503693	2	161503693	164307526	0
2_164307526	2	164307526	5904283	0
3_5904283	3	5904283	9691409	0
3_9691409	3	9691409	31480578	0
3_31480578	3	31480578	34600823	13.6363636363636
3_34600823	3	34600823	35987788	0
3_35987788	3	35987788	46170895	0
3_46170895	3	46170895	64022573	4.54545454545455
3_64022573	3	64022573	64935419	19.047619047619
3_64935419	3	64935419	66026898	13.6363636363636
3_66026898	3	66026898	94774724	0
3_94774724	3	94774724	98713577	4.54545454545455
3_98713577	3	98713577	109769327	4.54545454545455
3_109769327	3	109769327	129579191	13.6363636363636
3_129579191	3	129579191	154518909	9.09090909090909
3_154518909	3	154518909	6393736	22.7272727272727
4_6393736	4	6393736	9463709	0
4_9463709	4	9463709	25764709	4.54545454545455
4_25764709	4	25764709	34982748	0
4_34982748	4	34982748	41657025	0
4_41657025	4	41657025	65386538	4.54545454545455
4_65386538	4	65386538	83939311	22.7272727272727
4_83939311	4	83939311	87075387	9.09090909090909
4_87075387	4	87075387	114932807	0
4_114932807	4	114932807	116741792	9.09090909090909
4_116741792	4	116741792	119477992	0
4_119477992	4	119477992	128132822	9.09090909090909
4_128132822	4	128132822	132999897	0
4_132999897	4	132999897	152028359	4.54545454545455
4_152028359	4	152028359	155502576	9.09090909090909
4_155502576	4	155502576	65630	14.2857142857143
5_65630	5	65630	5432079	0
5_5432079	5	5432079	12328933	26.3157894736842
5_12328933	5	12328933	41042724	9.52380952380952
5_41042724	5	41042724	60232509	13.6363636363636
5_60232509	5	60232509	73309598	4.54545454545455
5_73309598	5	73309598	96190651	18.1818181818182
5_96190651	5	96190651	110980851	4.54545454545455
5_110980851	5	110980851	126559540	4.54545454545455
5_126559540	5	126559540	132255439	31.8181818181818
5_132255439	5	132255439	134045067	0
5_134045067	5	134045067	7272703	0
6_7272703	6	7272703	8014242	0
6_8014242	6	8014242	8062701	0
6_8062701	6	8062701	16061005	0
6_16061005	6	16061005	16705472	0
6_16705472	6	16705472	34034665	0
6_34034665	6	34034665	34559998	0
6_34559998	6	34559998	51027689	0
6_51027689	6	51027689	73308211	9.09090909090909
6_73308211	6	73308211	81207834	4.54545454545455
6_81207834	6	81207834	91069213	9.09090909090909
6_91069213	6	91069213	109153049	4.54545454545455
6_109153049	6	109153049	119411469	18.1818181818182
6_119411469	6	119411469	129516578	9.09090909090909
6_129516578	6	129516578	135093175	13.6363636363636
6_135093175	6	135093175	137979906	0
6_137979906	6	137979906	10734920	0
7_10734920	7	10734920	16960631	0
7_16960631	7	16960631	27221872	4.54545454545455
7_27221872	7	27221872	36338329	9.09090909090909
7_36338329	7	36338329	40417107	4.54545454545455
7_40417107	7	40417107	49028738	13.6363636363636
7_49028738	7	49028738	51036893	13.6363636363636
7_51036893	7	51036893	55638202	0
7_55638202	7	55638202	56524155	0
7_56524155	7	56524155	84008074	0
7_84008074	7	84008074	88160940	4.54545454545455
7_88160940	7	88160940	92180900	0
7_92180900	7	92180900	100028749	0
7_100028749	7	100028749	124181438	0
7_124181438	7	124181438	7850107	4.54545454545455
8_7850107	8	7850107	8299968	0
8_8299968	8	8299968	9757872	0
8_9757872	8	9757872	15279371	0
8_15279371	8	15279371	15526052	9.09090909090909
8_15526052	8	15526052	22524238	0
8_22524238	8	22524238	32710134	0
8_32710134	8	32710134	41491953	9.09090909090909
8_41491953	8	41491953	47101092	4.54545454545455
8_47101092	8	47101092	48265907	4.54545454545455
8_48265907	8	48265907	56169899	0
8_56169899	8	56169899	57148398	0
8_57148398	8	57148398	75236692	0
8_75236692	8	75236692	79168808	0
8_79168808	8	79168808	85066320	4.54545454545455
8_85066320	8	85066320	92730446	0
8_92730446	8	92730446	98405264	9.09090909090909
8_98405264	8	98405264	98619151	0
8_98619151	8	98619151	123700193	0
8_123700193	8	123700193	16342802	22.7272727272727
9_16342802	9	16342802	34961764	0
9_34961764	9	34961764	63207990	9.09090909090909
9_63207990	9	63207990	72585469	18.1818181818182
9_72585469	9	72585469	74081067	9.09090909090909
9_74081067	9	74081067	75301469	4.54545454545455
9_75301469	9	75301469	83445613	4.54545454545455
9_83445613	9	83445613	92659805	9.09090909090909
9_92659805	9	92659805	94284389	50
9_94284389	9	94284389	96412477	50
9_96412477	9	96412477	101322680	0
9_101322680	9	101322680	122925223	4.54545454545455
9_122925223	9	122925223	124124454	13.6363636363636
9_124124454	9	124124454	40575	4.54545454545455
10_40575	10	40575	6207195	0
10_6207195	10	6207195	6359156	0
10_6359156	10	6359156	22921279	0
10_22921279	10	22921279	44306419	9.09090909090909
10_44306419	10	44306419	45812831	9.09090909090909
10_45812831	10	45812831	77556536	0
10_77556536	10	77556536	61256	27.2727272727273
11_61256	11	61256	3334213	0
11_3334213	11	3334213	4353015	47.6190476190476
11_4353015	11	4353015	32564318	4.54545454545455
11_32564318	11	32564318	32945674	4.54545454545455
11_32945674	11	32945674	36172996	0
11_36172996	11	36172996	61069472	9.09090909090909
11_61069472	11	61069472	61452564	36.3636363636364
11_61452564	11	61452564	67186091	9.09090909090909
11_67186091	11	67186091	71096728	0
11_71096728	11	71096728	93063557	0
11_93063557	11	93063557	98919441	27.2727272727273
11_98919441	11	98919441	99243975	4.54545454545455
11_99243975	11	99243975	107411513	0
11_107411513	11	107411513	121814280	4.54545454545455
11_121814280	11	121814280	27980719	18.1818181818182
12_27980719	12	27980719	45144591	0
12_45144591	12	45144591	46464080	0
12_46464080	12	46464080	68906558	0
12_68906558	12	68906558	75002704	4.54545454545455
12_75002704	12	75002704	3649309	0
13_3649309	13	3649309	3784419	0
13_3784419	13	3784419	46959714	0
13_46959714	13	46959714	59052501	31.8181818181818
13_59052501	13	59052501	63513762	4.54545454545455
13_63513762	13	63513762	72109175	0
13_72109175	13	72109175	118743250	9.09090909090909
13_118743250	13	118743250	8019550	45.4545454545455
14_8019550	14	8019550	9406410	0
14_9406410	14	9406410	19914455	0
14_19914455	14	19914455	39358765	0
14_39358765	14	39358765	46308965	13.6363636363636
14_46308965	14	46308965	46384636	0
14_46384636	14	46384636	70604117	0
14_70604117	14	70604117	78383352	22.7272727272727
14_78383352	14	78383352	104205953	0
14_104205953	14	104205953	111546079	9.09090909090909
14_111546079	14	111546079	118462433	4.54545454545455
14_118462433	14	118462433	3669113	4.54545454545455
15_3669113	15	3669113	3977910	0
15_3977910	15	3977910	5914165	0
15_5914165	15	5914165	6320780	0
15_6320780	15	6320780	8916910	0
15_8916910	15	8916910	10474677	0
15_10474677	15	10474677	12834339	0
15_12834339	15	12834339	33925932	0
15_33925932	15	33925932	34194977	4.54545454545455
15_34194977	15	34194977	41286691	0
15_41286691	15	41286691	76352871	0
15_76352871	15	76352871	92548129	27.2727272727273
15_92548129	15	92548129	93009038	4.54545454545455
15_93009038	15	93009038	94106985	4.54545454545455
15_94106985	15	94106985	95776695	0
15_95776695	15	95776695	95949676	0
15_95949676	15	95949676	3862249	0
16_3862249	16	3862249	4850158	0
16_4850158	16	4850158	36098517	0
16_36098517	16	36098517	39488682	31.8181818181818
16_39488682	16	39488682	61403307	0
16_61403307	16	61403307	67080475	0
16_67080475	16	67080475	83732396	0
16_83732396	16	83732396	3421581	9.09090909090909
17_3421581	17	3421581	3914022	0
17_3914022	17	3914022	8817709	0
17_8817709	17	8817709	32941145	0
17_32941145	17	32941145	41119166	4.54545454545455
17_41119166	17	41119166	44044239	0
17_44044239	17	44044239	47341538	4.54545454545455
17_47341538	17	47341538	67101682	0
17_67101682	17	67101682	68799858	14.2857142857143
17_68799858	17	68799858	72331555	4.54545454545455
17_72331555	17	72331555	73783664	9.09090909090909
17_73783664	17	73783664	11782502	0
18_11782502	18	11782502	14530552	0
18_14530552	18	14530552	38268874	0
18_38268874	18	38268874	44021991	4.54545454545455
18_44021991	18	44021991	62177506	0
18_62177506	18	62177506	66652874	9.09090909090909
18_66652874	18	66652874	3413095	0
19_3413095	19	3413095	4441401	0
19_4441401	19	4441401	11072733	0
19_11072733	19	11072733	11554836	4.54545454545455
19_11554836	19	11554836	16078920	0
19_16078920	19	16078920	16846965	0
19_16846965	19	16846965	40090882	0
19_40090882	19	40090882	41303191	27.2727272727273
19_41303191	19	41303191	57475444	0
19_57475444	19	57475444	47613609	22.7272727272727
X_47613609	X	47613609	48162261	0
X_48162261	X	48162261	56215894	0
X_56215894	X	56215894	89457248	0
X_89457248	X	89457248	93699907	0
X_93699907	X	93699907	109026209	0
X_109026209	X	109026209	145602174	0
X_145602174	X	145602174	164058628	0
X_164058628	X	164058628	164058628	0
